4
754177
0
0
erase 2,754177,786432
new 4,0,236,516,1304
new 2,1304,2328
new 2,2328,3352
new 2,3352,4376
new 2,4376,5400
new 2,5400,6424
new 2,6424,7448
new 2,7448,8472
new 2,8472,9496
new 2,9496,10520
new 2,10520,11544
new 2,11544,12568
new 2,12568,13592
new 2,13592,14616
new 2,14616,15640
new 2,15640,16664
new 2,16664,17688
new 2,17688,18712
new 2,18712,19736
new 2,19736,20760
new 2,20760,21784
new 2,21784,22808
new 2,22808,23832
new 2,23832,24856
new 2,24856,25880
new 2,25880,26904
new 2,26904,27928
new 2,27928,28952
new 2,28952,29976
new 2,29976,31000
new 2,31000,32024
new 4,32024,32771,33284,33561
new 2,33561,34585
new 2,34585,35609
new 2,35609,36633
new 2,36633,37657
new 2,37657,38681
new 2,38681,39705
new 2,39705,40729
new 2,40729,41753
new 2,41753,42777
new 2,42777,43801
new 2,43801,44825
new 2,44825,45849
new 2,45849,46873
new 2,46873,47897
new 2,47897,48921
new 2,48921,49945
new 2,49945,50969
new 2,50969,51993
new 2,51993,53017
new 2,53017,54041
new 2,54041,55065
new 2,55065,56089
new 2,56089,57113
new 2,57113,58137
new 2,58137,59161
new 2,59161,60185
new 2,60185,61209
new 2,61209,62233
new 2,62233,63257
new 2,63257,64281
new 2,64281,65305
new 4,65305,65537,66050,66842
new 2,66842,67866
new 2,67866,68890
new 2,68890,69914
new 2,69914,70938
new 2,70938,71962
new 2,71962,72986
new 2,72986,74010
new 2,74010,75034
new 2,75034,76058
new 2,76058,77082
new 2,77082,78106
new 2,78106,79130
new 2,79130,80154
new 2,80154,81178
new 2,81178,82202
new 2,82202,83226
new 2,83226,84250
new 2,84250,85274
new 2,85274,86298
new 2,86298,87322
new 2,87322,88346
new 2,88346,89370
new 2,89370,90394
new 2,90394,91418
new 2,91418,92442
new 2,92442,93466
new 2,93466,94490
new 2,94490,95514
new 2,95514,96538
new 2,96538,97562
new 4,97562,98307,98820,99099
new 2,99099,100123
new 2,100123,101147
new 2,101147,102171
new 2,102171,103195
new 2,103195,104219
new 2,104219,105243
new 2,105243,106267
new 2,106267,107291
new 2,107291,108315
new 2,108315,109339
new 2,109339,110363
new 2,110363,111387
new 2,111387,112411
new 2,112411,113435
new 2,113435,114459
new 2,114459,115483
new 2,115483,116507
new 2,116507,117531
new 2,117531,118555
new 2,118555,119579
new 2,119579,120603
new 2,120603,121627
new 2,121627,122651
new 2,122651,123675
new 2,123675,124699
new 2,124699,125723
new 2,125723,126747
new 2,126747,127771
new 2,127771,128795
new 2,128795,129819
new 2,129819,130843
new 4,130843,131073,131586,132380
new 2,132380,133404
new 2,133404,134428
new 2,134428,135452
new 2,135452,136476
new 2,136476,137500
new 2,137500,138524
new 2,138524,139548
new 2,139548,140572
new 2,140572,141596
new 2,141596,142620
new 2,142620,143644
new 2,143644,144668
new 2,144668,145692
new 2,145692,146716
new 2,146716,147740
new 2,147740,148764
new 2,148764,149788
new 2,149788,150812
new 2,150812,151836
new 2,151836,152860
new 2,152860,153884
new 2,153884,154908
new 2,154908,155932
new 2,155932,156956
new 2,156956,157980
new 2,157980,159004
new 2,159004,160028
new 2,160028,161052
new 2,161052,162076
new 2,162076,163100
new 4,163100,163843,164356,164637
new 2,164637,165661
new 2,165661,166685
new 2,166685,167709
new 2,167709,168733
new 2,168733,169757
new 2,169757,170781
new 2,170781,171805
new 2,171805,172829
new 2,172829,173853
new 2,173853,174877
new 2,174877,175901
new 2,175901,176925
new 2,176925,177949
new 2,177949,178973
new 2,178973,179997
new 2,179997,181021
new 2,181021,182045
new 2,182045,183069
new 2,183069,184093
new 2,184093,185117
new 2,185117,186141
new 2,186141,187165
new 2,187165,188189
new 2,188189,189213
new 2,189213,190237
new 2,190237,191261
new 2,191261,192285
new 2,192285,193309
new 2,193309,194333
new 2,194333,195357
new 2,195357,196381
new 4,196381,196609,197122,197918
new 2,197918,198942
new 2,198942,199966
new 2,199966,200990
new 2,200990,202014
new 2,202014,203038
new 2,203038,204062
new 2,204062,205086
new 2,205086,206110
new 2,206110,207134
new 2,207134,208158
new 2,208158,209182
new 2,209182,210206
new 2,210206,211230
new 2,211230,212254
new 2,212254,213278
new 2,213278,214302
new 2,214302,215326
new 2,215326,216350
new 2,216350,217374
new 2,217374,218398
new 2,218398,219422
new 2,219422,220446
new 2,220446,221470
new 2,221470,222494
new 2,222494,223518
new 2,223518,224542
new 2,224542,225566
new 2,225566,226590
new 2,226590,227614
new 2,227614,228638
new 4,228638,229379,229892,230175
new 2,230175,231199
new 2,231199,232223
new 2,232223,233247
new 2,233247,234271
new 2,234271,235295
new 2,235295,236319
new 2,236319,237343
new 2,237343,238367
new 2,238367,239391
new 2,239391,240415
new 2,240415,241439
new 2,241439,242463
new 2,242463,243487
new 2,243487,244511
new 2,244511,245535
new 2,245535,246559
new 2,246559,247583
new 2,247583,248607
new 2,248607,249631
new 2,249631,250655
new 2,250655,251679
new 2,251679,252703
new 2,252703,253727
new 2,253727,254751
new 2,254751,255775
new 2,255775,256799
new 2,256799,257823
new 2,257823,258847
new 2,258847,259871
new 2,259871,260895
new 2,260895,261919
new 4,261919,262145,262658,263456
new 2,263456,264480
new 2,264480,265504
new 2,265504,266528
new 2,266528,267552
new 2,267552,268576
new 2,268576,269600
new 2,269600,270624
new 2,270624,271648
new 2,271648,272672
new 2,272672,273696
new 2,273696,274720
new 2,274720,275744
new 2,275744,276768
new 2,276768,277792
new 2,277792,278816
new 2,278816,279840
new 2,279840,280864
new 2,280864,281888
new 2,281888,282912
new 2,282912,283936
new 2,283936,284960
new 2,284960,285984
new 2,285984,287008
new 2,287008,288032
new 2,288032,289056
new 2,289056,290080
new 2,290080,291104
new 2,291104,292128
new 2,292128,293152
new 2,293152,294176
new 4,294176,294915,295428,295713
new 2,295713,296737
new 2,296737,297761
new 2,297761,298785
new 2,298785,299809
new 2,299809,300833
new 2,300833,301857
new 2,301857,302881
new 2,302881,303905
new 2,303905,304929
new 2,304929,305953
new 2,305953,306977
new 2,306977,308001
new 2,308001,309025
new 2,309025,310049
new 2,310049,311073
new 2,311073,312097
new 2,312097,313121
new 2,313121,314145
new 2,314145,315169
new 2,315169,316193
new 2,316193,317217
new 2,317217,318241
new 2,318241,319265
new 2,319265,320289
new 2,320289,321313
new 2,321313,322337
new 2,322337,323361
new 2,323361,324385
new 2,324385,325409
new 2,325409,326433
new 2,326433,327457
new 4,327457,327681,328194,328994
new 2,328994,330018
new 2,330018,331042
new 2,331042,332066
new 2,332066,333090
new 2,333090,334114
new 2,334114,335138
new 2,335138,336162
new 2,336162,337186
new 2,337186,338210
new 2,338210,339234
new 2,339234,340258
new 2,340258,341282
new 2,341282,342306
new 2,342306,343330
new 2,343330,344354
new 2,344354,345378
new 2,345378,346402
new 2,346402,347426
new 2,347426,348450
new 2,348450,349474
new 2,349474,350498
new 2,350498,351522
new 2,351522,352546
new 2,352546,353570
new 2,353570,354594
new 2,354594,355618
new 2,355618,356642
new 2,356642,357666
new 2,357666,358690
new 2,358690,359714
new 4,359714,360449,360962,361251
new 2,361251,362275
new 2,362275,363299
new 2,363299,364323
new 2,364323,365347
new 2,365347,366371
new 2,366371,367395
new 2,367395,368419
new 2,368419,369443
new 2,369443,370467
new 2,370467,371491
new 2,371491,372515
new 2,372515,373539
new 2,373539,374563
new 2,374563,375587
new 2,375587,376611
new 2,376611,377635
new 2,377635,378659
new 2,378659,379683
new 2,379683,380707
new 2,380707,381731
new 2,381731,382755
new 2,382755,383779
new 2,383779,384803
new 2,384803,385827
new 2,385827,386851
new 2,386851,387875
new 2,387875,388899
new 2,388899,389923
new 2,389923,390947
new 2,390947,391971
new 2,391971,392995
new 4,392995,393217,393730,394532
new 2,394532,395556
new 2,395556,396580
new 2,396580,397604
new 2,397604,398628
new 2,398628,399652
new 2,399652,400676
new 2,400676,401700
new 2,401700,402724
new 2,402724,403748
new 2,403748,404772
new 2,404772,405796
new 2,405796,406820
new 2,406820,407844
new 2,407844,408868
new 2,408868,409892
new 2,409892,410916
new 2,410916,411940
new 2,411940,412964
new 2,412964,413988
new 2,413988,415012
new 2,415012,416036
new 2,416036,417060
new 2,417060,418084
new 2,418084,419108
new 2,419108,420132
new 2,420132,421156
new 2,421156,422180
new 2,422180,423204
new 2,423204,424228
new 2,424228,425252
new 4,425252,425985,426498,426789
new 2,426789,427813
new 2,427813,428837
new 2,428837,429861
new 2,429861,430885
new 2,430885,431909
new 2,431909,432933
new 2,432933,433957
new 2,433957,434981
new 2,434981,436005
new 2,436005,437029
new 2,437029,438053
new 2,438053,439077
new 2,439077,440101
new 2,440101,441125
new 2,441125,442149
new 2,442149,443173
new 2,443173,444197
new 2,444197,445221
new 2,445221,446245
new 2,446245,447269
new 2,447269,448293
new 2,448293,449317
new 2,449317,450341
new 2,450341,451365
new 2,451365,452389
new 2,452389,453413
new 2,453413,454437
new 2,454437,455461
new 2,455461,456485
new 2,456485,457509
new 2,457509,458533
new 4,458533,458753,459266,460070
new 2,460070,461094
new 2,461094,462118
new 2,462118,463142
new 2,463142,464166
new 2,464166,465190
new 2,465190,466214
new 2,466214,467238
new 2,467238,468262
new 2,468262,469286
new 2,469286,470310
new 2,470310,471334
new 2,471334,472358
new 2,472358,473382
new 2,473382,474406
new 2,474406,475430
new 2,475430,476454
new 2,476454,477478
new 2,477478,478502
new 2,478502,479526
new 2,479526,480550
new 2,480550,481574
new 2,481574,482598
new 2,482598,483622
new 2,483622,484646
new 2,484646,485670
new 2,485670,486694
new 2,486694,487718
new 2,487718,488742
new 2,488742,489766
new 2,489766,490790
new 4,490790,491521,492034,492327
new 2,492327,493351
new 2,493351,494375
new 2,494375,495399
new 2,495399,496423
new 2,496423,497447
new 2,497447,498471
new 2,498471,499495
new 2,499495,500519
new 2,500519,501543
new 2,501543,502567
new 2,502567,503591
new 2,503591,504615
new 2,504615,505639
new 2,505639,506663
new 2,506663,507687
new 2,507687,508711
new 2,508711,509735
new 2,509735,510759
new 2,510759,511783
new 2,511783,512807
new 2,512807,513831
new 2,513831,514855
new 2,514855,515879
new 2,515879,516903
new 2,516903,517927
new 2,517927,518951
new 2,518951,519975
new 2,519975,520999
new 2,520999,522023
new 2,522023,523047
new 2,523047,524071
new 4,524071,524289,524802,525608
new 2,525608,526632
new 2,526632,527656
new 2,527656,528680
new 2,528680,529704
new 2,529704,530728
new 2,530728,531752
new 2,531752,532776
new 2,532776,533800
new 2,533800,534824
new 2,534824,535848
new 2,535848,536872
new 2,536872,537896
new 2,537896,538920
new 2,538920,539944
new 2,539944,540968
new 2,540968,541992
new 2,541992,543016
new 2,543016,544040
new 2,544040,545064
new 2,545064,546088
new 2,546088,547112
new 2,547112,548136
new 2,548136,549160
new 2,549160,550184
new 2,550184,551208
new 2,551208,552232
new 2,552232,553256
new 2,553256,554280
new 2,554280,555304
new 2,555304,556328
new 4,556328,557057,557570,557865
new 2,557865,558889
new 2,558889,559913
new 2,559913,560937
new 2,560937,561961
new 2,561961,562985
new 2,562985,564009
new 2,564009,565033
new 2,565033,566057
new 2,566057,567081
new 2,567081,568105
new 2,568105,569129
new 2,569129,570153
new 2,570153,571177
new 2,571177,572201
new 2,572201,573225
new 2,573225,574249
new 2,574249,575273
new 2,575273,576297
new 2,576297,577321
new 2,577321,578345
new 2,578345,579369
new 2,579369,580393
new 2,580393,581417
new 2,581417,582441
new 2,582441,583465
new 2,583465,584489
new 2,584489,585513
new 2,585513,586537
new 2,586537,587561
new 2,587561,588585
new 2,588585,589609
new 4,589609,589825,590338,591146
new 2,591146,592170
new 2,592170,593194
new 2,593194,594218
new 2,594218,595242
new 2,595242,596266
new 2,596266,597290
new 2,597290,598314
new 2,598314,599338
new 2,599338,600362
new 2,600362,601386
new 2,601386,602410
new 2,602410,603434
new 2,603434,604458
new 2,604458,605482
new 2,605482,606506
new 2,606506,607530
new 2,607530,608554
new 2,608554,609578
new 2,609578,610602
new 2,610602,611626
new 2,611626,612650
new 2,612650,613674
new 2,613674,614698
new 2,614698,615722
new 2,615722,616746
new 2,616746,617770
new 2,617770,618794
new 2,618794,619818
new 2,619818,620842
new 2,620842,621866
new 4,621866,622593,623106,623403
new 2,623403,624427
new 2,624427,625451
new 2,625451,626475
new 2,626475,627499
new 2,627499,628523
new 2,628523,629547
new 2,629547,630571
new 2,630571,631595
new 2,631595,632619
new 2,632619,633643
new 2,633643,634667
new 2,634667,635691
new 2,635691,636715
new 2,636715,637739
new 2,637739,638763
new 2,638763,639787
new 2,639787,640811
new 2,640811,641835
new 2,641835,642859
new 2,642859,643883
new 2,643883,644907
new 2,644907,645931
new 2,645931,646955
new 2,646955,647979
new 2,647979,649003
new 2,649003,650027
new 2,650027,651051
new 2,651051,652075
new 2,652075,653099
new 2,653099,654123
new 2,654123,655147
new 4,655147,655361,655874,656684
new 2,656684,657708
new 2,657708,658732
new 2,658732,659756
new 2,659756,660780
new 2,660780,661804
new 2,661804,662828
new 2,662828,663852
new 2,663852,664876
new 2,664876,665900
new 2,665900,666924
new 2,666924,667948
new 2,667948,668972
new 2,668972,669996
new 2,669996,671020
new 2,671020,672044
new 2,672044,673068
new 2,673068,674092
new 2,674092,675116
new 2,675116,676140
new 2,676140,677164
new 2,677164,678188
new 2,678188,679212
new 2,679212,680236
new 2,680236,681260
new 2,681260,682284
new 2,682284,683308
new 2,683308,684332
new 2,684332,685356
new 2,685356,686380
new 2,686380,687404
new 4,687404,688129,688642,688941
new 2,688941,689965
new 2,689965,690989
new 2,690989,692013
new 2,692013,693037
new 2,693037,694061
new 2,694061,695085
new 2,695085,696109
new 2,696109,697133
new 2,697133,698157
new 2,698157,699181
new 2,699181,700205
new 2,700205,701229
new 2,701229,702253
new 2,702253,703277
new 2,703277,704301
new 2,704301,705325
new 2,705325,706349
new 2,706349,707373
new 2,707373,708397
new 2,708397,709421
new 2,709421,710445
new 2,710445,711469
new 2,711469,712493
new 2,712493,713517
new 2,713517,714541
new 2,714541,715565
new 2,715565,716589
new 2,716589,717613
new 2,717613,718637
new 2,718637,719661
new 2,719661,720685
new 4,720685,720897,721410,722222
new 2,722222,723246
new 2,723246,724270
new 2,724270,725294
new 2,725294,726318
new 2,726318,727342
new 2,727342,728366
new 2,728366,729390
new 2,729390,730414
new 2,730414,731438
new 2,731438,732462
new 2,732462,733486
new 2,733486,734510
new 2,734510,735534
new 2,735534,736558
new 2,736558,737582
new 2,737582,738606
new 2,738606,739630
new 2,739630,740654
new 2,740654,741678
new 2,741678,742702
new 2,742702,743726
new 2,743726,744750
new 2,744750,745774
new 2,745774,746798
new 2,746798,747822
new 2,747822,748846
new 2,748846,749870
new 2,749870,750894
new 2,750894,751918
new 4,751918,752733,753664,753665
zero 6,236,516,32771,33284,65537,65768
zero 6,65768,66050,98307,98820,131073,131302
zero 6,131302,131586,163843,164356,196609,196836
zero 6,196836,197122,229379,229892,262145,262370
zero 6,262370,262658,294915,295428,327681,327904
zero 6,327904,328194,360449,360962,393217,393438
zero 6,393438,393730,425985,426498,458753,458972
zero 6,458972,459266,491521,492034,524289,524506
zero 6,524506,524802,557057,557570,589825,590040
zero 6,590040,590338,622593,623106,655361,655574
zero 6,655574,655874,688129,688642,720897,721108
zero 4,721108,721410,752733,753455
zero 4,753455,753664,753665,754177
